578895286
42505926
2660296
78684538
136433110
177853622
87682980
76682511
244302924
228867071
196524543
183557824
254856312
405382677
504543856
939745568
452671857
397866866
452729836
543670860
1223402571
464184977
382418843
33086391
419255020
99258794
100099885
100527779
81890819
124400869
6606805
332421642
236740589
174541986
275949007
41225313
148314666
184518811
279210264
66164078
326209607
570516521
512126509
417025787
876252382
670378248
385630771
463076284
583738515
907703836
644692804
258041051
302740774
724485400
839260058
372315989
502509833
110360537
47986101
103717037
457997420
469620039
283576343
445414459
312097934
495101143
365936151
402880930
532486432
418397158
272204016
396547471
820239844
305000861
284795745
479021390
286267928
704747551
273560807
947022751
304841692
646007066
995501661
840095552
944071440
1033273320
61498903
374520988
645178681
632571829
535824624
524910145
398044587
510312712
305553967
467964302
354055972
776751308
377674129
461756613770242196
312747123
512502939
100289818
425693505
278739002
644299789
624209004
519629899
519498974
395502253
363837256
328268938
438571622
799127257
38893213
359397258
442605101
396216073
497827628
745983
359898658
375323420
86296549
88199684
35887483
316921890
384042424
543987467
474438366
742928141
331789661
610581640
517429451
403265396
3439078
164393470
754281880
596569651
472044160
516996712
1012287761
450536091
516996712
1012287761
450536091
562618464
280985091
371797004
617204092
1059863161
1042139148
942042715
819996549
495163668
905539270
445813921
787841109
1083741740
781831024
630288384
493900269
1015978556
609441457
904877104
258164507
450836183
604650608
735058695
527690934
308181662
447211758
576092656
125348741
356238322
1003130707
279093510
842194906
429299854
995453819
754424586
646985937
592516527
349790459
657546269
463969179
278982055
835880227
405367701
343964890
153316797
365061106
517432402
973134124
282165211
498399654
824594895
303141804
632416963
934435247
819382632
379951482
469688535
389634014
511634453
754091746
1174772553
787474558
346647655
921048381
410494881
398217157
1134997174
137189228
623781280
752913008
715284544
514220414
76909266
769952250
850510433
1616988
1289171556
475517178
16269610
49682615
632630654
401600445
27641816
871463700
121557083
298112675
378561342
124047332
779676341
563178242
406376981
785229454
960245263
691334619
836233678
935431804
337599240
372448184
406091508
473205848
1023106255
609624062
6462278
337599240
372448184
406091508
473205848
1023106255
609624062
6462278
